10000001;22;Folyószámla;1500;2025. 12. 04.
11000001;24;Folyószámla;1600;2025. 12. 04.
10000011;58;Folyószámla;1500;2025. 12. 04.
11111112;71;Folyószámla;500;2025. 12. 04.
11611112;73;Folyószámla;500;2025. 12. 04.
11711112;74;Folyószámla;1000;2025. 12. 04.
10000012;75;Folyószámla;1500;2025. 12. 04.
10000013;77;Folyószámla;1500;2025. 12. 04.
12711112;79;Folyószámla;1000;2025. 12. 04.
22222222;80;Folyószámla;1500;2025. 12. 04.
22222223;82;Folyószámla;1500;2025. 12. 04.
33333333;83;Folyószámla;-700;2025. 12. 04.
33333336;85;Folyószámla;300;2025. 12. 04.
33333343;87;Folyószámla;300;2025. 12. 04.
33333353;89;Folyószámla;300;2025. 12. 04.
44444444;90;Folyószámla;5000;2025. 12. 04.
44444445;92;Folyószámla;5000;2025. 12. 04.
54444444;94;Folyószámla;200;2025. 12. 04.
64444444;95;Folyószámla;200;2025. 12. 04.
74444444;96;Folyószámla;200;2025. 12. 04.
55555555;97;Folyószámla;3000;2025. 12. 04.
66666666;98;Folyószámla;3000;2025. 12. 04.
55555556;101;Folyószámla;3000;2025. 12. 04.
66666667;102;Folyószámla;3000;2025. 12. 04.
77777777;103;Folyószámla;-4000;2025. 12. 04.
88888888;104;Folyószámla;6000;2025. 12. 04.
77777778;107;Folyószámla;1000;2025. 12. 04.
88888889;108;Folyószámla;1000;2025. 12. 04.
77777771;109;Folyószámla;1000;2025. 12. 04.
88888881;110;Folyószámla;1000;2025. 12. 04.
12345678;111;Folyószámla;900;2025. 12. 04.
12335678;113;Folyószámla;900;2025. 12. 04.
12435678;114;Folyószámla;900;2025. 12. 04.
12435778;117;Folyószámla;900;2025. 12. 04.
12245678;119;Folyószámla;1000;2025. 12. 04.
22345678;121;Folyószámla;1000;2025. 12. 04.
34567890;122;Folyószámla;0;2025. 12. 04.
34561190;123;Folyószámla;0;2025. 12. 04.
11111111;124;Folyószámla;2000;2025. 12. 04.
11116611;125;Folyószámla;2000;2025. 12. 04.
22662222;125;Folyószámla;2000;2025. 12. 04.
18765678;127;Folyószámla;1000;2025. 12. 04.
18165678;128;Folyószámla;1000;2025. 12. 04.
11115678;132;Folyószámla;1000;2025. 12. 04.
11166111;140;Folyószámla;-200;2025. 12. 04.
22244222;140;Folyószámla;300;2025. 12. 04.
3233331;140;Folyószámla;-50;2025. 12. 04.
11161111;142;Folyószámla;-200;2025. 12. 04.
22244212;142;Folyószámla;300;2025. 12. 04.
3233311;142;Folyószámla;-50;2025. 12. 04.
13361111;144;Folyószámla;-200;2025. 12. 04.
23344212;144;Folyószámla;300;2025. 12. 04.
3233221;144;Folyószámla;-50;2025. 12. 04.
13367771;145;Folyószámla;-200;2025. 12. 04.
27774212;145;Folyószámla;300;2025. 12. 04.
3233771;145;Folyószámla;-50;2025. 12. 04.
10005678;148;Folyószámla;1000;2025. 12. 04.
