1;10000001;Befizetés;500;2025. 12. 04.;
2;11000001;Befizetés;500;2025. 12. 04.;
3;10000011;Befizetés;500;2025. 12. 04.;
4;11111112;Befizetés;-500;2025. 12. 04.;
5;11611112;Befizetés;-500;2025. 12. 04.;
6;10000012;Befizetés;500;2025. 12. 04.;
7;10000013;Befizetés;500;2025. 12. 04.;
8;22222222;Készpénzfelvétel;500;2025. 12. 04.;
9;22222223;Készpénzfelvétel;500;2025. 12. 04.;
10;33333333;Készpénzfelvétel;1000;2025. 12. 04.;
11;55555555;Átutalás;2000;2025. 12. 04.;66666666
12;55555556;Átutalás;2000;2025. 12. 04.;66666667
13;77777777;Átutalás;5000;2025. 12. 04.;88888888
